Simulation Results
Node ID, Energy Level, Packets Sent, Packets Received, Packets Missed
0, 68.49999999999987, 0, 0, 0
1, 68.49999999999987, 0, 0, 0
2, 71.99999999999989, 0, 0, 0
3, 64.99999999999986, 0, 0, 0
4, 75.4999999999999, 0, 0, 0
5, 71.99999999999989, 0, 0, 0
6, 89.49999999999996, 0, 0, 0
7, 85.99999999999994, 0, 0, 0
8, 78.99999999999991, 0, 0, 0
9, 85.99999999999994, 0, 0, 0
10, 78.99999999999991, 0, 0, 0
11, 71.99999999999989, 0, 0, 0
12, 68.49999999999987, 0, 0, 0
13, 68.49999999999987, 0, 0, 0
14, 68.49999999999987, 0, 0, 0
15, 82.49999999999993, 0, 0, 0

Aggregated Metrics
Total Packets Sent: 0
Total Packets Received: 0
Total Packets Missed: 0
Packet Delivery Ratio: 0.00
